ID	chr1:111802591-111802598	chr1:223578303-223578310	chr4:9603239-9603245	chr4:9981605-9981606	chr4:190966833-190966919	chr5:4537604-4537605	chr5:64388439-64388446	chr5:80442265-80442272	chr6:16004793-16004926	chr6:32643383-32643537	chr6:32648035-32648041	chr6:161270898-161270905	chr7:158773312-158773459	chr8:146086169-146086170	chr9:132205208-132205208	chr10:101016044-101016228	chr10:134444012-134444013	chr11:60449889-60449889	chr12:44313656-44313662	chr12:124066476-124066483	chr13:90743182-90743189	chr15:28430044-28430186	chr15:63374593-63374600	chr19:21841536-21841542	chr19:22414303-22414381	chr19:22457244-22457245	chr19:29855781-29855787	chr19:57996939-57996940	chr20:12402386-12402392	chr22:23852639-23852640	chrX:93606603-93606604
LP6005878-DNA_A80_HERVK	0	0	1	0	0	0	0	0	0	0	0	1	0	0	0	1	1	0	0	1	1	0	1	0	0	0	0	0	0	1	0
LP6005878-DNA_A81_HERVK	0	0	1	0	0	1	0	0	0	0	0	1	0	0	0	1	1	0	0	0	0	1	1	0	1	0	1	0	0	0	0
LP6005878-DNA_A82_HERVK	1	1	1	0	0	1	0	0	0	0	0	1	0	0	1	1	1	0	0	0	0	1	1	0	1	0	1	0	0	1	0
LP6005878-DNA_A83_HERVK	1	1	1	0	0	1	0	0	0	1	0	1	0	1	1	1	0	0	1	1	0	1	1	1	1	0	0	0	0	1	0
LP6005878-DNA_A84_HERVK	1	0	1	0	0	1	1	1	0	1	0	1	0	1	1	1	0	0	0	1	0	0	1	0	1	0	1	0	0	1	0
LP6005878-DNA_A85_HERVK	1	0	1	0	0	0	1	0	0	1	0	0	0	1	0	1	0	0	0	0	0	0	1	0	0	0	0	0	0	0	1
LP6005878-DNA_A86_HERVK	0	0	1	0	0	0	1	0	0	0	0	1	0	1	0	1	0	0	0	0	0	1	1	0	0	0	1	0	0	0	1
LP6005878-DNA_A87_HERVK	1	0	1	0	0	0	1	0	0	0	0	1	0	1	0	1	0	0	0	0	0	1	1	1	0	1	0	0	0	1	1
LP6005878-DNA_A88_HERVK	1	0	0	0	0	0	0	0	0	0	0	1	0	1	0	0	0	0	0	0	0	1	1	0	0	1	0	0	0	1	1
LP6005878-DNA_A89_HERVK	1	0	1	0	0	0	0	0	0	0	0	1	0	0	1	1	0	0	0	0	0	1	1	0	1	0	0	0	1	0	0
LP6005878-DNA_A90_HERVK	0	0	1	0	0	0	0	0	1	0	1	1	0	0	1	0	0	0	0	0	1	1	1	0	0	0	1	1	1	0	0
LP6005878-DNA_A91_HERVK	1	0	0	0	0	0	0	0	1	0	1	1	0	0	0	1	0	1	0	0	0	1	1	0	0	0	1	1	1	0	0
LP6005878-DNA_A92_HERVK	1	0	1	0	0	0	0	0	1	0	1	0	0	0	1	1	0	1	0	0	0	1	1	0	1	0	1	1	0	0	0
LP6005878-DNA_A93_HERVK	0	0	1	0	0	0	0	0	1	0	0	1	0	0	0	0	0	1	0	0	0	1	0	0	0	0	1	0	0	0	0
LP6005878-DNA_A94_HERVK	0	0	1	0	0	0	0	0	1	0	0	1	0	0	1	1	0	0	0	0	0	1	0	0	1	0	0	0	0	0	0
LP6005878-DNA_A95_HERVK	1	0	1	0	0	0	0	0	0	0	0	1	0	0	0	1	0	0	1	0	0	1	1	0	1	0	1	0	0	1	0
LP6005878-DNA_A96_HERVK	1	0	0	0	0	0	0	0	0	0	0	1	0	0	1	1	0	0	0	0	0	1	1	0	0	0	1	0	0	1	0
LP6005878-DNA_A97_HERVK	0	0	1	1	0	0	1	0	0	0	0	1	0	0	0	1	0	0	1	0	0	1	1	0	1	0	1	0	0	0	0
LP6005878-DNA_A98_HERVK	0	0	1	0	0	0	0	0	0	0	0	1	0	0	0	1	0	0	0	0	0	1	1	0	0	0	1	0	0	0	0
LP6005878-DNA_A99_HERVK	1	0	1	0	0	0	0	0	0	0	0	1	0	0	0	1	0	0	0	0	1	0	1	0	1	0	0	0	0	0	0